Node_ID,0,1,2,3,4,5,6,7,8,9,10,11,12,13,14,15,16,17,18,19,20,21,22,23,24,25,26,27,28,29,30,31,32,33,34,35,36,37,38,39,40,41,42,43,44,45,46,47,48,49,50,51,52,53,54,55,56,57,58,59,60,61,62,63
0,0,413,124,267,55,394,342,170,138,271,506,305,467,251,492,444,279,175,293,441,241,86,468,340,113,80,341,342,259,131,555,457,211,97,44,139,208,186,472,276,270,218,285,300,308,52,188,58,228,308,152,349,207,252,79,161,206,414,382,116,353,92,357,539
1,413,0,361,440,372,310,365,317,295,300,234,412,155,295,308,224,222,288,160,60,210,355,84,174,485,480,218,111,356,282,330,105,202,428,406,363,264,243,60,533,262,324,129,309,254,458,365,469,221,281,287,75,215,169,430,458,499,264,121,492,240,341,57,299
2,124,361,0,365,73,439,409,231,73,324,509,390,454,303,520,455,301,76,287,403,250,164,398,345,238,144,361,267,333,119,576,430,180,71,84,225,244,119,420,393,309,283,249,354,342,172,272,150,144,352,188,314,201,193,198,277,326,442,368,138,380,54,305,555
3,267,440,365,0,297,220,131,153,326,143,392,58,397,145,330,328,218,371,280,431,237,202,521,278,206,331,244,435,86,274,395,419,299,363,308,141,187,340,486,104,179,120,334,146,197,256,98,301,381,175,205,366,260,357,195,125,118,271,341,376,236,313,403,393
4,55,372,73,297,0,394,353,174,85,274,487,326,441,252,484,428,266,120,267,405,221,97,422,320,167,107,328,294,273,94,545,426,173,76,34,159,200,136,432,320,265,226,248,303,301,107,207,99,176,307,141,314,178,207,125,204,252,406,355,126,344,37,315,526
5,394,310,439,220,394,0,91,225,372,123,178,166,207,144,110,120,144,404,192,275,197,309,393,143,388,473,101,361,155,319,176,246,284,470,420,262,196,352,336,323,130,179,265,97,97,410,222,447,375,87,253,253,248,322,352,318,332,59,190,510,76,388,300,172
6,342,365,409,131,353,91,0,179,352,90,268,75,287,110,199,207,155,390,219,341,200,260,449,190,316,418,148,392,84,296,264,319,284,428,375,203,173,345,401,232,121,127,289,64,112,349,156,390,376,86,222,297,244,334,287,240,246,147,250,458,130,356,342,263
7,170,317,231,153,174,225,179,0,180,101,348,163,323,81,324,283,123,223,163,324,108,84,392,191,185,249,180,291,102,125,388,327,148,250,197,49,55,187,371,224,103,52,196,130,141,189,56,223,228,139,52,243,113,207,137,141,183,247,246,286,188,178,271,374
8,138,295,73,326,85,372,352,180,0,263,436,342,381,243,449,383,232,46,214,334,180,133,339,273,242,189,290,210,281,56,505,359,107,133,116,187,180,53,354,372,243,229,177,293,275,189,229,184,91,288,130,243,129,126,192,260,310,372,296,198,310,49,238,483
9,271,300,324,143,274,123,90,101,263,0,265,114,258,21,227,199,78,301,143,288,113,186,382,135,270,350,104,310,58,208,292,276,195,350,298,139,84,255,344,244,38,57,206,30,56,287,104,324,286,42,136,227,154,246,230,206,231,153,198,387,101,272,268,281
10,506,234,509,392,487,178,268,348,436,265,0,341,79,278,99,66,228,452,223,176,266,424,298,167,531,585,169,330,315,396,97,131,330,560,519,395,299,398,227,496,246,319,272,251,211,535,368,564,400,225,353,220,311,339,485,471,495,122,147,613,164,469,259,66
11,305,412,390,58,326,166,75,163,342,114,341,0,353,124,273,278,191,385,256,397,222,230,495,243,258,374,205,422,65,287,338,380,296,397,342,168,180,347,454,158,152,116,318,105,160,301,119,345,384,135,214,340,256,352,239,178,177,219,306,418,192,337,381,337
12,467,155,454,397,441,207,287,323,381,258,79,353,0,265,163,90,201,391,174,98,226,390,221,132,508,544,154,254,314,348,176,53,275,510,474,372,270,338,151,500,230,305,208,252,202,502,354,525,334,222,317,149,263,273,458,457,488,148,86,568,162,418,183,145
13,251,295,303,145,252,144,110,81,243,21,278,124,265,0,244,211,73,280,136,287,99,165,376,137,254,330,112,298,61,187,309,279,177,328,277,121,64,235,342,242,36,41,195,51,66,268,90,304,268,59,115,221,136,230,212,194,223,169,199,367,114,250,260,298
14,492,308,520,330,484,110,199,324,449,227,99,273,163,244,0,84,219,474,243,256,270,407,381,182,496,572,159,387,264,401,66,215,349,560,513,366,285,420,314,431,222,283,308,203,184,513,329,547,432,186,344,272,320,373,457,427,442,78,196,606,141,473,318,65
15,444,224,455,328,428,120,207,283,383,199,66,278,90,211,84,0,165,403,170,175,208,361,300,111,465,523,104,304,249,339,124,137,279,502,459,330,236,348,234,432,181,252,230,185,145,471,302,501,356,158,292,189,255,296,420,405,428,61,112,553,98,412,234,100
16,279,222,301,218,266,144,155,123,232,78,228,191,201,73,219,165,0,261,65,214,54,196,304,69,308,358,62,237,133,182,279,209,141,341,296,172,72,209,268,314,40,108,133,92,48,308,155,336,232,70,127,149,105,183,259,258,291,141,128,389,79,253,190,261
17,175,288,76,371,120,404,390,223,46,301,452,385,391,280,474,403,261,0,233,333,207,179,322,293,284,215,316,191,322,98,526,363,124,147,145,233,217,55,346,418,277,270,183,329,307,226,273,215,68,321,172,246,156,121,236,305,355,398,307,214,338,83,232,502
18,293,160,287,280,267,192,219,163,214,143,223,256,174,136,243,170,65,233,0,162,56,219,241,61,342,369,92,174,197,175,293,167,109,338,300,211,108,178,210,373,105,164,73,157,108,330,207,351,190,133,145,86,89,133,290,304,343,170,89,394,117,246,125,270
19,441,60,403,431,405,275,341,324,334,288,176,397,98,287,256,175,214,333,162,0,217,375,125,154,502,512,193,169,345,312,273,45,233,467,439,373,270,284,61,529,252,321,158,291,236,483,367,498,269,262,303,92,236,212,448,466,503,223,91,529,211,377,104,242
20,241,210,250,237,221,197,200,108,180,113,266,222,226,99,270,208,54,207,56,217,0,164,287,99,287,319,111,200,159,132,327,222,88,294,252,156,55,155,263,324,79,117,97,135,101,276,156,300,180,119,91,135,51,134,234,250,290,192,143,347,131,205,167,306
21,86,355,164,202,97,309,260,84,133,186,424,230,390,165,407,361,196,179,219,375,164,0,420,260,131,165,257,303,178,92,470,385,158,169,115,62,125,163,413,239,185,133,227,214,222,112,111,141,209,223,73,286,140,212,75,128,178,329,308,202,268,111,302,455
22,468,84,398,521,422,393,449,392,339,382,298,495,221,376,381,300,304,322,241,125,287,420,0,258,551,529,302,131,437,339,395,168,263,468,455,435,341,287,72,611,344,403,196,392,338,516,442,521,254,364,356,155,284,216,496,531,574,344,203,535,323,388,121,364
23,340,174,345,278,320,143,190,191,273,135,167,243,132,137,182,111,69,293,61,154,99,260,258,0,375,418,44,219,193,230,233,142,169,393,352,240,138,239,212,378,102,175,128,138,83,372,224,398,250,108,188,111,145,192,326,326,359,112,63,446,67,302,158,210
24,113,485,238,206,167,388,316,185,242,270,531,258,508,254,496,465,308,284,342,502,287,131,551,375,0,141,363,432,235,217,562,509,288,200,155,136,238,284,543,179,284,214,357,293,320,71,167,113,329,312,199,415,270,340,55,81,109,423,429,187,368,202,433,551
25,80,480,144,331,107,473,418,249,189,350,585,374,544,330,572,523,358,215,369,512,319,165,529,418,141,0,420,399,334,200,635,531,280,79,74,214,288,242,539,319,350,295,355,378,387,75,262,30,278,388,231,420,282,314,136,212,249,494,458,46,433,141,423,619
26,341,218,361,244,328,101,148,180,290,104,169,205,154,112,159,104,62,316,92,193,111,257,302,44,363,420,0,260,160,242,217,175,193,403,358,227,133,263,253,347,79,153,165,100,48,367,202,398,280,70,189,155,162,225,316,306,334,82,102,451,25,315,201,199
27,342,111,267,435,294,361,392,291,210,310,330,422,254,298,387,304,237,191,174,169,200,303,131,219,432,399,260,0,358,215,421,210,147,337,325,329,248,157,162,515,273,315,104,329,281,391,346,393,123,306,247,114,178,91,377,422,469,328,191,404,285,258,71,392
28,259,356,333,86,273,155,84,102,281,58,315,65,314,61,264,249,133,322,197,345,159,178,437,193,235,334,160,358,0,225,331,334,231,347,293,120,114,282,401,186,94,52,255,65,113,265,72,306,319,92,151,282,190,287,204,163,180,197,256,375,154,279,321,324
29,131,282,119,274,94,319,296,125,56,208,396,287,348,187,401,339,182,98,175,312,132,92,339,230,217,200,242,215,225,0,459,332,80,164,128,138,125,71,342,327,190,173,155,237,223,178,175,187,117,234,74,220,86,124,163,220,269,323,261,220,261,73,226,438
30,555,330,576,395,545,176,264,388,505,292,97,338,176,309,66,124,279,526,293,273,327,470,395,233,562,635,217,421,331,459,0,228,402,620,574,431,347,472,324,495,285,349,353,269,248,577,395,611,480,251,405,309,376,420,522,493,507,141,232,668,202,531,350,31
31,457,105,430,419,426,246,319,327,359,276,131,380,53,279,215,137,209,363,167,45,222,385,168,142,509,531,175,210,334,332,228,0,254,491,459,376,272,312,99,520,244,316,182,275,222,496,364,515,302,245,312,117,250,242,457,466,500,190,81,551,189,399,141,197
32,211,202,180,299,173,284,284,148,107,195,330,296,275,177,349,279,141,124,109,233,88,158,263,169,288,280,193,147,231,80,402,254,0,237,207,183,116,70,262,371,164,181,75,220,188,256,204,267,92,207,101,141,41,59,233,275,322,274,189,297,215,145,147,379
33,97,428,71,363,76,470,428,250,133,350,560,397,510,328,560,502,341,147,338,467,294,169,468,393,200,79,403,337,347,164,620,491,237,0,55,229,276,185,487,371,341,301,310,379,377,129,279,94,214,383,217,376,249,259,175,257,301,482,424,67,419,92,371,601
34,44,406,84,308,34,420,375,197,116,298,519,342,474,277,513,459,296,145,300,439,252,115,455,352,155,74,358,325,293,128,574,459,207,55,0,174,228,168,465,320,292,248,282,327,329,88,224,69,206,333,169,347,211,240,123,205,250,435,388,94,373,67,349,557
35,139,363,225,141,159,262,203,49,187,139,395,168,372,121,366,330,172,233,211,373,156,62,435,240,136,214,227,329,120,138,431,376,183,229,174,0,104,207,418,191,149,83,239,165,186,148,49,187,252,180,82,290,153,241,91,95,140,290,295,255,233,172,315,419
36,208,264,244,187,200,196,173,55,180,84,299,180,270,64,285,236,72,217,108,270,55,125,341,138,238,288,133,248,114,125,347,272,116,276,228,104,0,172,317,270,66,67,148,112,102,236,101,265,206,109,58,190,76,172,188,196,235,207,191,320,145,192,221,331
37,186,243,119,340,136,352,345,187,53,255,398,347,338,235,420,348,209,55,178,284,155,163,287,239,284,242,263,157,282,71,472,312,70,185,168,207,172,0,302,398,228,231,131,282,256,237,241,235,46,272,135,195,105,74,231,291,340,344,254,250,285,101,186,448
38,472,60,420,486,432,336,401,371,354,344,227,454,151,342,314,234,268,346,210,61,263,413,72,212,543,539,253,162,401,342,324,99,262,487,465,418,317,302,0,582,307,373,188,350,294,517,417,528,278,320,344,129,273,228,488,512,552,284,151,552,272,400,116,293
39,276,533,393,104,320,323,232,224,372,244,496,158,500,242,431,432,314,418,373,529,324,239,611,378,179,319,347,515,186,327,495,520,371,371,320,191,270,398,582,0,277,209,418,249,299,246,169,291,442,278,270,458,337,430,197,116,71,375,441,366,339,346,491,495
40,270,262,309,179,265,130,121,103,243,38,246,152,230,36,222,181,40,277,105,252,79,185,344,102,284,350,79,273,94,190,285,244,164,341,292,149,66,228,307,277,0,75,169,57,38,293,124,326,257,44,124,189,125,213,240,228,258,144,164,384,84,258,230,271
41,218,324,283,120,226,179,127,52,229,57,319,116,305,41,283,252,108,270,164,321,117,133,403,175,214,295,153,315,52,173,349,316,181,301,248,83,67,231,373,209,75,0,214,82,107,231,50,269,268,98,99,249,142,239,173,154,184,209,236,334,155,229,284,338
42,285,129,249,334,248,265,289,196,177,206,272,318,208,195,308,230,133,183,73,158,97,227,196,128,357,355,165,104,255,155,353,182,75,310,282,239,148,131,188,418,169,214,0,225,179,330,249,342,128,203,160,66,88,67,302,334,378,240,126,372,189,219,76,327
43,300,309,354,146,303,97,64,130,293,30,251,105,252,51,203,185,92,329,157,291,135,214,392,138,293,378,100,329,65,237,269,275,220,379,327,165,112,282,350,249,57,82,225,0,55,314,126,351,312,30,166,238,180,270,255,225,244,133,200,416,90,301,282,261
44,308,254,342,197,301,97,112,141,275,56,211,160,202,66,184,145,48,307,108,236,101,222,338,83,320,387,48,281,113,223,248,222,188,377,329,186,102,256,294,299,38,107,179,55,0,330,157,363,280,26,160,185,151,231,276,260,287,107,145,421,48,293,230,234
45,52,458,172,256,107,410,349,189,189,287,535,301,502,268,513,471,308,226,330,483,276,112,516,372,71,75,367,391,265,178,577,496,256,129,88,148,236,237,517,246,293,231,330,314,330,0,193,46,279,327,185,392,247,301,62,137,175,436,419,122,377,143,403,564
46,188,365,272,98,207,222,156,56,229,104,368,119,354,90,329,302,155,273,207,367,156,111,442,224,167,262,202,346,72,175,395,364,204,279,224,49,101,241,417,169,124,50,249,126,157,193,0,234,283,145,107,291,168,263,132,104,136,256,283,303,204,218,322,385
47,58,469,150,301,99,447,390,223,184,324,564,345,525,304,547,501,336,215,351,498,300,141,521,398,113,30,398,393,306,187,611,515,267,94,69,187,265,235,528,291,326,269,342,351,363,46,234,0,275,362,210,407,265,305,106,182,220,470,440,76,409,136,412,596
48,228,221,144,381,176,375,376,228,91,286,400,384,334,268,432,356,232,68,190,269,180,209,254,250,329,278,280,123,319,117,480,302,92,214,206,252,206,46,278,442,257,268,128,312,280,279,283,275,0,299,176,186,133,61,277,336,386,360,253,281,303,139,166,454
49,308,281,352,175,307,87,86,139,288,42,225,135,222,59,186,158,70,321,133,262,119,223,364,108,312,388,70,306,92,234,251,245,207,383,333,180,109,272,320,278,44,98,203,30,26,327,145,362,299,0,166,211,168,252,271,247,270,111,170,424,62,301,256,240
50,152,287,188,205,141,253,222,52,130,136,353,214,317,115,344,292,127,172,145,303,91,73,356,188,199,231,189,247,151,74,405,312,101,217,169,82,58,135,344,270,124,99,160,166,160,185,107,210,176,166,0,215,72,160,146,175,222,265,234,263,203,136,236,388
51,349,75,314,366,314,253,297,243,243,227,220,340,149,221,272,189,149,246,86,92,135,286,155,111,415,420,155,114,282,220,309,117,141,376,347,290,190,195,129,458,189,249,66,238,185,392,291,407,186,211,215,0,145,125,360,384,425,215,77,438,178,285,47,280
52,207,215,201,260,178,248,244,113,129,154,311,256,263,136,320,255,105,156,89,236,51,140,284,145,270,282,162,178,190,86,376,250,41,249,211,153,76,105,273,337,125,142,88,180,151,247,168,265,133,168,72,145,0,97,215,247,292,243,177,305,182,158,164,354
53,252,169,193,357,207,322,334,207,126,246,339,352,273,230,373,296,183,121,133,212,134,212,216,192,340,314,225,91,287,124,420,242,59,259,240,241,172,74,228,430,213,239,67,270,231,301,263,305,61,252,160,125,97,0,286,333,381,303,192,324,249,173,112,394
54,79,430,198,195,125,352,287,137,192,230,485,239,458,212,457,420,259,236,290,448,234,75,496,326,55,136,316,377,204,163,522,457,233,175,123,91,188,231,488,197,240,173,302,255,276,62,132,106,277,271,146,360,215,286,0,82,128,381,377,181,324,156,378,510
55,161,458,277,125,204,318,240,141,260,206,471,178,457,194,427,405,258,305,304,466,250,128,531,326,81,212,306,422,163,220,493,466,275,257,205,95,196,291,512,116,228,154,334,225,260,137,104,182,336,247,175,384,247,333,82,0,50,358,385,258,307,231,410,486
56,206,499,326,118,252,332,246,183,310,231,495,177,488,223,442,428,291,355,343,503,290,178,574,359,109,249,334,469,180,269,507,500,322,301,250,140,235,340,552,71,258,184,378,244,287,175,136,220,386,270,222,425,292,381,128,50,0,377,419,295,332,280,453,503
57,414,264,442,271,406,59,147,247,372,153,122,219,148,169,78,61,141,398,170,223,192,329,344,112,423,494,82,328,197,323,141,190,274,482,435,290,207,344,284,375,144,209,240,133,107,436,256,470,360,111,265,215,243,303,381,358,377,0,144,527,62,395,262,129
58,382,121,368,341,355,190,250,246,296,198,147,306,86,199,196,112,128,307,89,91,143,308,203,63,429,458,102,191,256,261,232,81,189,424,388,295,191,254,151,441,164,236,126,200,145,419,283,440,253,170,234,77,177,192,377,385,419,144,0,482,121,332,122,204
59,116,492,138,376,126,510,458,286,198,387,613,418,568,367,606,553,389,214,394,529,347,202,535,446,187,46,451,404,375,220,668,551,297,67,94,255,320,250,552,366,384,334,372,416,421,122,303,76,281,424,263,438,305,324,181,258,295,527,482,0,466,152,435,650
60,353,240,380,236,344,76,130,188,310,101,164,192,162,114,141,98,79,338,117,211,131,268,323,67,368,433,25,285,154,261,202,189,215,419,373,233,145,285,272,339,84,155,189,90,48,377,204,409,303,62,203,178,182,249,324,307,332,62,121,466,0,332,225,187
61,92,341,54,313,37,388,356,178,49,272,469,337,418,250,473,412,253,83,246,377,205,111,388,302,202,141,315,258,279,73,531,399,145,92,67,172,192,101,400,346,258,229,219,301,293,143,218,136,139,301,136,285,158,173,156,231,280,395,332,152,332,0,284,511
62,357,57,305,403,315,300,342,271,238,268,259,381,183,260,318,234,190,232,125,104,167,302,121,158,433,423,201,71,321,226,350,141,147,371,349,315,221,186,116,491,230,284,76,282,230,403,322,412,166,256,236,47,164,112,378,410,453,262,122,435,225,284,0,321
63,539,299,555,393,526,172,263,374,483,281,66,337,145,298,65,100,261,502,270,242,306,455,364,210,551,619,199,392,324,438,31,197,379,601,557,419,331,448,293,495,271,338,327,261,234,564,385,596,454,240,388,280,354,394,510,486,503,129,204,650,187,511,321,0
