Node_ID,0,1,2,3,4,5,6,7
0,0,64,75,109,42,111,84,134
1,64,0,72,102,57,76,43,105
2,75,72,0,35,33,49,45,63
3,109,102,35,0,68,47,64,42
4,42,57,33,68,0,73,53,93
5,111,76,49,47,73,0,33,29
6,84,43,45,64,53,33,0,62
7,134,105,63,42,93,29,62,0
