Node_ID,0,1,2,3,4,5,6,7,8,9,10,11,12,13,14,15,16,17,18,19,20,21,22,23,24,25,26,27,28,29,30,31,32,33,34,35,36,37,38,39,40,41,42,43,44,45,46,47,48,49,50,51,52,53,54,55,56,57,58,59,60,61,62,63,64,65,66,67,68,69,70,71,72,73,74,75,76,77,78,79,80,81,82,83,84,85,86,87,88,89,90,91,92,93,94,95,96,97,98,99,100,101,102,103,104,105,106,107,108,109,110,111,112,113,114,115,116,117,118,119,120,121,122,123,124,125,126,127,128,129,130,131,132,133,134,135,136,137,138,139,140,141,142,143,144,145,146,147,148,149,150,151,152,153,154,155,156,157,158
0,0,33,30,28,88,150,91,129,201,139,135,80,131,105,104,133,124,107,143,188,61,60,165,176,141,197,167,167,84,110,118,158,50,110,71,84,59,135,362,310,331,315,259,212,233,226,216,188,226,93,236,84,184,202,259,287,158,171,137,288,179,195,225,248,221,268,253,266,281,213,229,276,267,53,280,204,105,132,124,154,138,91,68,305,201,355,258,281,233,207,219,159,344,272,77,352,338,315,340,196,207,167,161,291,320,198,221,245,161,65,34,214,130,203,187,248,331,245,282,234,253,183,34,64,159,115,217,339,367,68,311,312,351,265,225,33,84,114,158,155,191,355,57,40,304,186,53,135,120,289,307,298,331,189,162,104,190,105,110
1,33,0,39,14,56,121,58,95,168,106,106,49,101,78,77,106,91,73,118,155,28,31,133,146,109,164,137,134,62,79,96,124,28,137,97,113,91,159,345,325,343,323,235,183,208,199,193,162,214,89,231,64,160,177,259,286,159,178,145,264,152,163,199,221,196,256,237,247,265,193,211,291,280,35,291,173,91,117,101,134,130,87,75,295,171,365,275,301,254,225,190,133,333,264,81,350,333,312,332,203,216,154,145,298,323,202,236,224,174,58,63,207,123,189,178,255,331,236,261,237,248,161,38,85,179,116,216,320,348,57,294,298,337,269,237,65,102,97,140,133,173,360,63,60,297,208,72,122,117,284,284,279,311,203,156,113,186,94,128
2,30,39,0,24,77,159,92,122,200,128,118,87,138,116,85,145,125,102,122,183,62,49,155,183,143,189,151,168,100,115,95,152,65,135,98,109,79,163,383,340,361,345,273,221,246,237,232,201,250,63,263,60,159,178,288,315,186,200,166,302,159,183,204,226,197,292,275,285,303,231,249,305,297,33,310,208,127,153,140,173,163,117,97,330,185,385,287,310,262,236,200,171,368,298,48,380,365,343,366,226,237,190,182,321,349,228,251,263,190,37,34,240,100,225,212,277,359,270,299,263,280,200,61,94,188,85,245,358,386,91,332,335,373,294,255,58,114,88,131,131,211,384,28,69,330,213,33,106,147,316,323,317,349,219,188,134,217,76,140
3,28,14,24,0,61,134,69,103,179,112,107,63,114,92,76,121,102,82,116,164,39,32,139,159,120,171,140,145,76,92,92,133,42,137,97,112,87,161,359,331,351,332,249,197,222,213,207,176,228,77,243,58,157,175,271,298,170,187,153,278,152,168,198,221,194,270,251,261,280,207,226,298,287,27,299,185,104,131,116,149,143,98,83,309,174,373,280,305,258,229,191,147,346,277,67,362,346,324,345,212,225,168,159,307,333,212,242,238,181,46,52,219,112,203,191,264,342,249,275,248,261,175,45,88,183,103,228,335,363,70,308,312,351,279,244,61,107,90,134,130,188,370,49,62,310,211,58,113,129,297,299,293,325,210,168,121,198,85,133
4,88,56,77,61,0,102,34,45,126,51,52,48,81,75,31,99,56,28,69,106,33,29,78,119,75,111,81,96,78,58,55,75,64,193,152,169,147,213,346,370,386,362,222,159,193,180,184,148,227,87,256,44,113,128,289,314,195,220,189,250,99,108,146,168,146,268,242,245,270,190,214,339,325,46,332,139,112,132,106,138,154,122,122,308,115,405,324,352,306,274,134,123,344,282,94,376,354,337,348,242,258,170,156,335,356,238,283,218,221,65,111,227,109,201,198,294,360,252,253,272,271,157,90,139,231,117,247,317,345,93,295,304,343,305,281,120,154,68,104,90,178,395,86,115,316,262,107,97,151,307,274,276,304,251,181,159,214,80,180
5,150,121,159,134,102,0,71,78,73,96,128,72,21,46,128,23,50,77,152,84,98,118,102,29,37,109,134,45,70,46,151,76,100,218,183,204,196,223,246,335,344,309,120,63,91,79,83,46,142,188,184,146,191,197,224,245,154,187,167,148,163,125,201,221,213,178,147,146,174,92,118,310,290,138,289,60,78,72,45,56,102,106,131,219,151,354,302,333,297,260,177,25,251,199,191,300,272,260,261,202,221,98,78,281,292,190,257,117,203,163,183,153,211,118,128,247,289,169,151,218,196,61,126,163,229,218,188,216,243,98,196,208,246,250,248,171,167,168,197,177,88,333,178,150,233,263,192,197,118,229,172,175,202,230,123,149,153,182,184
6,91,58,92,69,34,71,0,44,110,60,77,20,50,41,64,65,33,23,99,98,31,48,83,92,51,111,99,76,49,25,89,69,50,184,145,164,147,200,312,346,361,334,190,131,161,150,152,116,194,118,223,76,142,154,258,283,168,194,166,219,123,114,168,190,172,234,208,212,236,157,180,316,300,68,306,116,82,99,72,104,123,97,104,275,129,377,303,332,289,255,152,89,310,248,121,343,321,304,315,216,232,137,122,306,325,210,260,185,200,92,121,195,143,167,166,267,328,218,221,243,238,124,80,128,215,148,217,284,311,71,261,270,309,276,256,120,140,102,137,122,144,365,109,107,283,246,125,131,124,274,242,242,271,229,150,137,183,113,164
7,129,95,122,103,45,78,44,0,82,20,50,63,61,73,58,85,29,22,75,61,68,73,40,86,42,69,60,56,89,47,78,30,93,227,187,206,187,243,323,387,400,370,193,124,163,147,159,121,217,127,254,84,114,122,291,314,206,235,207,219,88,71,130,152,138,255,225,223,251,170,196,358,341,92,345,99,120,131,100,127,158,139,148,296,87,415,345,374,332,298,111,102,329,273,137,372,347,333,337,254,272,165,148,343,359,247,302,194,242,109,155,224,142,192,196,305,359,243,226,279,267,138,123,171,258,156,251,292,318,114,273,286,324,312,297,160,183,97,120,100,164,399,131,149,308,290,152,124,163,302,245,251,277,271,184,180,217,116,207
8,201,168,200,179,126,73,110,82,0,88,121,122,79,109,139,95,77,99,143,32,140,152,73,50,60,56,108,35,134,92,155,56,156,284,247,268,255,293,273,406,413,377,138,66,110,90,119,87,199,209,247,166,169,168,289,307,226,259,240,159,136,78,160,176,178,228,192,181,214,138,165,382,361,172,359,31,149,144,117,125,174,177,198,267,107,422,374,406,369,332,132,90,293,254,220,356,325,317,309,273,293,165,146,349,356,261,329,149,276,191,231,217,221,178,195,317,349,225,174,287,256,116,185,229,301,237,255,239,263,163,228,246,282,317,320,228,235,176,189,167,146,397,213,211,286,334,232,200,191,287,186,202,220,303,194,221,222,197,254
9,139,106,128,112,51,96,60,20,88,0,35,80,80,93,52,104,49,37,59,61,80,80,27,100,59,61,41,67,108,67,67,32,108,241,201,219,197,258,340,405,419,390,208,137,178,161,176,138,236,123,273,81,95,102,311,334,225,253,225,234,68,57,110,132,119,274,243,240,269,188,214,376,359,96,364,109,139,150,120,147,177,157,164,315,69,434,363,392,349,315,92,120,347,293,136,392,366,352,356,274,291,185,168,362,379,266,320,210,260,110,162,243,133,211,216,324,379,262,242,298,287,157,137,186,275,150,271,308,334,131,290,303,342,331,316,171,199,88,105,84,183,419,133,163,327,306,155,113,182,321,260,268,292,289,204,198,236,109,223
10,135,106,118,107,52,128,77,50,121,35,0,96,110,116,32,133,79,57,24,92,86,76,51,135,92,84,34,102,126,93,36,66,116,243,203,219,194,264,373,422,437,411,242,172,212,196,210,171,266,97,299,61,65,77,335,359,245,271,240,268,47,71,93,116,95,304,275,274,302,220,246,391,376,85,383,144,160,175,146,176,200,173,174,345,68,455,376,404,359,327,84,152,378,322,114,419,395,379,387,292,309,212,195,384,403,287,334,244,273,91,151,270,101,240,242,344,405,291,276,320,314,188,142,191,284,121,294,342,368,145,324,336,374,353,332,168,206,57,70,50,213,442,116,166,356,313,140,79,201,349,294,301,326,303,227,210,260,81,232
11,80,49,87,63,48,72,20,63,122,80,96,0,52,31,79,60,47,42,116,114,27,50,103,97,62,129,119,88,30,30,103,87,33,167,127,147,132,181,305,327,341,315,188,134,160,150,147,114,181,123,208,85,160,173,241,266,149,175,146,217,142,133,187,210,191,222,199,205,227,150,171,297,281,69,287,124,65,84,60,94,106,78,85,263,149,359,283,312,269,235,172,86,299,235,122,328,307,289,302,197,213,123,109,288,308,191,240,180,180,94,112,180,151,155,151,248,312,205,216,225,223,117,64,110,195,153,199,278,306,51,253,260,299,258,237,106,121,114,152,138,134,347,108,90,269,227,120,142,105,259,239,236,267,209,134,118,166,121,144
12,131,101,138,114,81,21,50,61,79,80,110,52,0,31,108,24,32,57,135,82,77,97,91,45,26,104,120,46,56,25,132,66,82,206,170,191,180,214,266,337,347,315,141,82,112,100,103,66,156,167,194,125,175,183,233,255,155,187,164,169,148,117,189,210,199,194,165,165,192,111,136,311,291,117,292,74,72,74,44,67,104,99,120,235,141,360,300,332,293,256,167,42,268,212,170,312,286,272,276,204,222,106,88,287,301,194,256,137,200,141,164,164,190,131,137,251,300,182,172,224,207,78,110,151,223,197,194,236,263,85,215,226,265,256,249,154,156,148,178,159,103,342,158,135,247,256,172,177,116,241,193,195,223,228,128,143,160,162,176
13,105,78,116,92,75,46,41,73,109,93,116,31,31,0,105,29,47,59,139,109,59,81,110,74,52,129,133,75,25,26,130,88,55,176,139,160,151,184,274,315,327,297,157,108,130,122,116,85,152,154,183,115,182,192,219,243,133,163,138,186,159,139,203,225,210,193,168,174,196,119,140,287,269,101,272,104,47,59,31,64,85,70,89,233,159,342,275,306,265,230,184,55,269,207,153,303,280,263,274,182,200,96,81,270,287,174,231,148,173,126,138,154,182,126,125,232,288,177,185,206,198,86,80,120,194,184,178,247,274,55,222,230,269,239,225,125,126,143,178,162,103,327,138,105,242,227,150,172,91,233,208,205,235,202,111,114,144,152,146
14,104,77,85,76,31,128,64,58,139,52,32,79,108,105,0,127,79,51,41,113,61,46,76,141,96,111,66,113,109,86,25,83,92,213,173,188,162,236,374,398,415,391,247,181,217,203,211,173,258,71,286,30,85,101,320,345,225,249,217,275,76,101,122,145,120,298,271,273,299,219,242,366,353,52,361,157,143,162,136,168,185,152,149,338,100,434,351,377,331,301,116,150,373,312,85,407,385,367,379,272,287,201,186,365,386,268,310,245,248,60,119,258,85,231,229,324,391,282,279,302,302,186,114,162,256,98,278,344,371,122,323,333,372,335,309,137,179,40,73,60,207,425,84,137,347,285,108,69,181,338,299,303,330,278,212,186,245,58,205
15,133,106,145,121,99,23,65,85,95,104,133,60,24,29,127,0,55,78,157,104,87,109,115,51,50,128,144,66,50,42,152,91,83,195,161,182,176,200,247,315,324,291,129,81,101,93,88,56,133,181,170,141,198,206,208,230,133,165,145,158,172,141,213,234,223,171,144,147,171,92,115,289,269,129,269,83,54,51,22,43,81,83,108,212,165,336,279,311,274,237,191,26,246,189,182,288,262,248,253,181,200,82,63,263,277,170,235,121,180,154,167,139,207,107,112,228,275,158,157,200,183,59,106,141,206,212,170,219,247,76,196,205,244,232,226,152,144,166,199,181,80,317,167,129,223,239,178,195,96,217,179,178,207,208,104,126,136,178,161
16,124,91,125,102,56,50,33,29,77,49,79,47,32,47,79,55,0,28,103,67,64,78,63,64,19,84,89,43,67,21,102,42,81,213,174,194,179,226,296,361,373,343,168,103,138,124,133,95,188,143,225,99,143,151,262,285,180,210,184,196,117,92,158,180,167,226,196,196,223,142,167,333,315,98,318,84,94,102,71,98,130,116,130,267,113,387,321,352,311,275,138,73,300,244,149,343,317,303,308,228,247,136,119,315,331,220,278,167,219,120,154,194,163,162,167,278,330,214,201,251,238,110,111,157,238,173,223,266,293,95,246,257,296,284,272,152,166,119,147,128,135,371,139,137,279,271,157,147,138,273,220,225,251,248,156,159,188,135,189
17,107,73,102,82,28,77,23,22,99,37,57,42,57,59,51,78,28,0,80,82,46,54,62,92,47,91,77,68,71,36,75,51,71,205,165,184,164,221,323,369,383,355,196,131,166,153,160,122,209,115,242,71,123,133,278,302,189,217,188,224,101,93,146,168,151,249,221,222,248,168,192,339,323,73,328,111,103,118,89,119,143,120,127,290,106,399,325,354,311,277,129,99,324,265,122,362,338,322,331,238,255,155,139,328,346,231,283,194,222,93,134,213,135,183,185,289,348,235,228,264,257,135,101,149,237,145,237,293,320,94,272,282,321,297,279,137,162,91,122,104,158,386,114,127,300,269,133,120,146,292,248,251,279,252,170,160,203,107,186
18,143,118,122,116,69,152,99,75,143,59,24,116,135,139,41,157,103,80,0,113,101,87,71,159,117,101,43,126,146,116,27,89,132,253,213,228,200,276,398,439,455,431,267,196,237,220,234,196,289,88,322,62,44,60,357,381,264,289,258,293,38,84,82,105,79,328,299,298,326,245,270,407,394,91,401,167,180,197,169,199,221,191,189,369,72,474,391,418,372,342,81,176,403,345,108,442,418,402,410,311,327,234,218,404,424,307,351,268,289,90,155,293,84,263,264,363,427,315,301,341,336,213,155,203,297,108,315,367,393,162,348,360,399,374,350,176,220,44,46,25,237,463,114,177,380,326,139,60,220,372,318,326,351,319,249,227,281,69,246
19,188,155,183,164,106,84,98,61,32,61,92,114,82,109,113,104,67,82,113,0,127,135,42,70,58,26,76,39,133,87,127,32,147,281,242,261,245,292,304,419,428,394,168,95,140,120,146,110,221,184,267,142,137,136,308,327,237,269,246,190,104,48,129,146,147,253,218,209,241,163,190,393,373,153,373,61,154,155,125,140,185,180,196,293,76,438,383,414,375,338,102,107,321,277,197,379,349,340,335,285,304,182,162,365,376,274,338,177,282,169,216,236,193,198,212,331,371,248,204,302,277,138,178,224,304,211,272,270,294,161,257,274,311,334,330,218,233,148,158,136,167,416,192,204,311,336,213,171,198,309,217,232,251,310,207,223,238,170,255
20,61,28,62,39,33,98,31,68,140,80,86,27,77,59,61,87,64,46,101,127,0,24,106,121,82,137,114,107,52,53,84,96,31,161,121,139,119,180,332,337,354,331,215,159,187,177,175,141,206,96,229,60,146,161,261,287,165,188,156,244,132,137,179,202,179,248,225,232,253,177,198,306,292,42,300,146,85,108,87,121,127,91,89,288,147,373,291,318,273,241,167,113,324,258,95,350,330,311,326,211,226,147,135,304,327,207,250,207,188,67,91,203,126,180,174,263,332,229,243,242,245,144,57,106,198,126,218,305,333,61,280,287,326,275,248,92,121,91,132,121,160,365,81,83,293,228,95,119,121,282,266,263,294,218,154,125,186,96,147
21,60,31,49,32,29,118,48,73,152,80,76,50,97,81,46,109,78,54,87,135,24,0,107,139,97,140,108,121,75,73,65,103,49,167,127,143,119,190,355,354,372,350,237,178,208,197,197,163,230,73,252,37,130,146,283,309,185,206,174,266,121,136,168,190,165,271,249,255,277,200,221,321,309,21,319,162,108,132,110,144,149,111,104,311,142,392,305,332,285,255,160,135,348,282,73,372,353,333,350,230,244,170,158,324,348,228,266,230,204,45,82,226,102,204,197,282,354,253,266,263,268,167,68,116,210,103,240,328,356,81,304,310,349,295,266,93,133,70,112,103,184,386,62,91,316,239,80,97,141,305,288,286,317,233,177,142,208,73,159
22,165,133,155,139,78,102,83,40,73,27,51,103,91,110,76,115,63,62,71,42,106,107,0,99,66,35,35,64,128,84,87,26,133,267,226,245,224,283,338,424,436,406,204,131,175,156,177,139,244,146,285,106,97,99,324,346,243,273,246,228,65,31,99,119,112,279,247,241,272,191,218,396,378,122,381,100,157,165,134,157,193,178,188,320,50,450,384,414,371,337,76,127,351,301,161,402,374,362,362,292,310,197,179,378,392,283,340,210,281,135,188,254,152,220,228,341,390,271,240,314,297,162,162,211,298,172,285,306,331,154,290,305,343,347,335,197,223,108,116,94,190,433,159,188,335,330,182,129,201,331,255,266,288,310,219,220,251,131,247
23,176,146,183,159,119,29,92,86,50,100,135,97,45,74,141,51,64,92,159,70,121,139,99,0,45,97,134,35,98,68,163,74,127,246,211,233,224,251,240,357,363,327,108,40,77,61,78,41,151,206,198,163,194,197,239,258,177,211,194,134,163,116,196,215,211,183,149,142,173,93,120,333,311,160,309,32,105,96,72,75,125,134,159,223,144,372,326,358,323,285,170,40,252,207,212,309,279,270,265,224,244,115,96,299,307,211,281,111,229,183,209,167,226,129,145,267,301,178,142,237,208,68,154,192,256,236,205,208,234,127,191,207,244,267,271,199,195,181,205,184,97,348,201,178,241,290,216,209,144,239,159,168,192,255,144,177,172,198,212
24,141,109,143,120,75,37,51,42,60,59,92,62,26,52,96,50,19,47,117,58,82,97,66,45,0,79,97,26,76,32,118,41,95,225,187,208,194,236,281,363,373,341,152,85,121,106,118,79,179,162,219,118,154,160,258,280,181,212,189,178,126,92,164,185,176,215,184,182,210,129,155,336,317,117,318,65,97,100,70,91,130,122,140,256,115,386,326,357,317,281,142,62,288,235,168,336,309,296,298,229,248,131,113,313,326,219,281,152,224,139,172,188,181,154,162,277,324,205,185,249,231,98,125,169,246,191,220,250,277,105,232,244,283,282,274,168,177,136,162,142,124,367,158,151,270,279,176,164,141,265,203,209,235,253,154,166,185,153,198
25,197,164,189,171,111,109,111,69,56,61,84,129,104,129,111,128,84,91,101,26,137,140,35,97,79,0,60,64,151,105,120,42,161,295,256,275,256,309,329,442,452,418,194,121,165,146,172,137,248,181,293,141,118,114,333,353,260,291,267,214,84,23,105,121,123,280,245,235,268,189,216,415,396,157,397,86,176,179,148,165,208,199,213,319,52,463,404,435,394,359,77,132,347,304,196,406,376,366,362,308,327,207,187,390,401,298,360,203,302,170,222,262,184,224,237,355,397,274,229,327,303,164,191,239,322,206,297,295,318,179,283,300,337,359,353,229,250,141,144,121,193,442,194,218,337,355,216,161,220,336,241,257,276,331,232,243,262,165,272
26,167,137,151,140,81,134,99,60,108,41,34,119,120,133,66,144,89,77,43,76,114,108,35,134,97,60,0,98,148,108,66,60,144,274,234,250,226,294,373,445,459,431,239,167,210,192,211,173,276,128,314,94,62,64,352,374,266,294,265,263,30,41,70,92,79,312,280,276,306,225,251,415,399,118,404,135,179,191,160,187,218,196,201,353,35,475,402,430,386,353,53,159,384,332,147,432,405,392,395,314,331,226,208,403,420,307,359,244,299,124,185,283,126,250,256,365,419,302,275,339,327,194,171,220,312,150,311,341,366,170,325,340,377,372,356,200,235,85,84,61,221,460,149,196,367,342,173,102,222,361,290,301,323,328,245,236,277,110,260
27,167,134,168,145,96,45,76,56,35,67,102,88,46,75,113,66,43,68,126,39,107,121,64,35,26,64,98,0,100,58,133,39,121,250,213,233,220,260,275,380,389,355,142,70,112,94,113,76,184,182,229,138,159,162,269,289,198,231,209,167,128,82,161,180,175,217,184,177,208,128,155,355,334,141,334,43,118,117,87,101,146,145,164,258,109,400,345,377,338,302,136,68,287,240,190,342,313,303,300,246,266,143,123,326,337,235,300,146,245,161,197,198,198,161,173,293,333,211,176,263,239,101,151,194,269,211,233,243,268,130,227,242,279,295,292,193,201,152,173,151,129,378,182,177,274,302,200,179,161,272,193,203,226,273,169,188,199,171,221
28,84,62,100,76,78,70,49,89,134,108,126,30,56,25,109,50,67,71,146,133,52,75,128,98,76,151,148,100,0,46,133,109,35,150,114,135,126,160,283,298,312,285,174,131,149,143,132,104,155,147,178,112,190,203,211,237,119,146,118,204,171,159,217,239,221,196,176,185,204,131,149,268,252,91,257,129,34,57,40,72,76,49,64,236,176,329,255,285,244,209,200,75,273,207,142,299,278,259,275,167,184,95,84,258,278,161,212,162,153,116,119,151,178,129,122,218,282,178,199,194,194,99,57,95,171,176,169,258,286,29,232,237,276,227,208,102,101,142,181,168,111,317,125,80,241,204,133,171,75,230,223,217,249,182,103,92,136,148,122
29,110,79,115,92,58,46,25,47,92,67,93,30,25,26,86,42,21,36,116,87,53,73,84,68,32,105,108,58,46,0,110,63,63,194,156,176,162,205,288,340,353,323,165,106,136,125,127,91,174,143,207,101,158,168,244,267,159,189,163,194,134,114,177,199,185,213,186,188,213,133,157,312,294,93,298,94,73,83,53,83,110,94,109,254,133,368,300,330,289,254,158,65,288,229,146,327,302,287,295,208,226,119,103,295,312,200,256,160,198,117,142,178,167,148,150,258,313,199,196,232,221,100,93,137,217,173,204,260,287,74,237,247,286,264,251,136,146,125,157,140,122,352,133,119,264,250,148,154,117,257,217,218,247,227,137,138,169,138,168
30,118,96,95,92,55,151,89,78,155,67,36,103,132,130,25,152,102,75,27,127,84,65,87,163,118,120,66,133,133,110,0,99,114,228,189,202,174,253,397,420,437,414,270,201,240,224,234,196,282,62,311,35,65,83,344,369,248,271,239,297,65,106,109,130,102,322,296,297,323,242,267,387,375,65,384,176,167,187,160,193,209,175,169,363,98,457,371,397,350,320,108,174,398,337,82,431,409,392,403,294,309,225,210,388,410,291,331,268,269,63,128,283,66,256,254,347,415,307,302,326,326,210,133,180,275,86,302,368,394,145,347,357,396,359,331,151,198,21,49,38,232,449,87,154,371,303,111,46,204,362,322,326,353,299,236,207,269,45,224
31,158,124,152,133,75,76,69,30,56,32,66,87,66,88,83,91,42,51,89,32,96,103,26,74,41,42,60,39,109,63,99,0,119,253,214,233,215,267,314,402,413,382,180,108,150,133,151,113,218,154,260,111,121,124,299,320,220,251,226,205,89,51,125,145,138,254,221,216,246,165,192,375,356,121,358,78,135,141,110,132,170,158,171,294,75,427,363,394,353,317,101,101,325,275,166,376,348,336,336,269,288,172,153,354,367,260,319,185,261,138,184,229,165,194,203,318,365,245,215,290,272,136,149,197,280,182,261,281,307,136,265,280,318,322,313,188,207,120,135,113,164,408,161,176,309,313,181,145,179,305,231,241,264,290,195,201,226,141,230
32,50,28,65,42,64,100,50,93,156,108,116,33,82,55,92,83,81,71,132,147,31,49,133,127,95,161,144,121,35,63,114,119,0,134,95,114,99,151,318,307,324,301,210,163,184,176,168,139,187,115,205,86,176,191,234,261,136,157,126,239,163,164,210,232,210,229,210,220,238,166,184,275,262,61,270,156,63,89,75,108,103,62,58,268,176,344,260,287,243,210,197,109,305,237,108,324,306,286,305,181,196,127,118,275,299,179,219,198,157,85,84,180,149,162,151,233,306,208,235,214,221,135,30,78,168,143,191,293,321,32,267,271,309,246,218,73,91,119,161,151,146,337,90,57,270,199,97,145,92,258,259,252,284,187,129,95,160,119,116
33,110,137,135,137,193,218,184,227,284,241,243,167,206,176,213,195,213,205,253,281,161,167,267,246,225,295,274,250,150,194,228,253,134,0,40,27,60,34,363,218,244,240,295,274,278,279,255,241,225,195,208,193,293,312,214,241,127,116,91,322,288,297,335,357,331,261,262,283,286,243,247,182,181,163,201,278,144,164,176,192,148,114,87,289,308,273,161,179,130,111,327,214,327,251,174,304,302,274,313,138,139,179,186,222,258,151,135,274,88,172,110,200,231,210,181,180,278,233,308,180,225,222,104,56,64,209,178,349,376,121,317,310,343,203,146,78,52,223,266,265,215,286,155,78,276,80,137,241,120,255,334,314,349,106,156,80,167,210,47
34,71,97,98,97,152,183,145,187,247,201,203,127,170,139,173,161,174,165,213,242,121,127,226,211,187,256,234,213,114,156,189,214,95,40,0,21,35,65,350,245,268,258,270,241,250,249,228,210,211,160,203,155,254,272,217,245,120,120,88,298,248,257,295,318,291,250,245,264,271,219,227,209,204,124,221,242,113,136,144,164,126,85,54,282,267,295,190,212,163,139,287,182,321,245,141,310,303,277,311,145,152,159,161,237,269,153,157,251,100,135,78,190,197,192,167,193,286,223,286,187,222,195,65,20,91,177,177,333,361,85,302,298,333,214,164,41,31,185,228,226,192,301,121,38,273,115,106,205,99,255,312,296,331,126,141,64,159,174,48
35,84,113,109,112,169,204,164,206,268,219,219,147,191,160,188,182,194,184,228,261,139,143,245,233,208,275,250,233,135,176,202,233,114,27,21,0,33,59,367,243,268,262,290,263,271,270,249,232,228,168,217,167,267,286,228,256,135,130,100,318,264,276,310,332,305,267,263,283,289,239,246,207,205,137,223,264,134,157,165,185,146,106,75,297,284,297,186,206,156,136,303,203,336,260,147,320,315,288,324,154,158,178,182,242,277,164,158,271,106,145,83,206,204,210,184,199,295,240,306,196,235,216,84,41,88,182,190,351,379,106,320,315,349,221,167,52,48,197,239,239,212,307,128,57,287,107,110,214,118,267,332,315,350,128,158,81,174,184,56
36,59,91,79,87,147,196,147,187,255,197,194,132,180,151,162,176,179,164,200,245,119,119,224,224,194,256,226,220,126,162,174,215,99,60,35,33,0,91,380,275,300,291,293,257,271,267,251,229,241,136,237,139,239,257,252,280,154,155,123,322,237,254,282,305,276,281,274,291,300,243,254,239,236,110,254,254,134,160,162,187,155,109,77,314,260,327,219,238,189,168,277,200,353,278,115,344,337,311,344,180,186,186,187,271,304,188,189,276,134,115,51,222,172,221,198,227,320,255,312,221,255,217,70,48,120,149,212,362,390,100,332,329,365,248,197,27,64,167,209,210,218,335,97,47,307,140,78,183,129,289,338,323,358,158,172,97,192,152,82
37,135,159,163,161,213,223,200,243,293,258,264,181,214,184,236,200,226,221,276,292,180,190,283,251,236,309,294,260,160,205,253,267,151,34,65,59,91,0,343,185,210,207,288,274,273,276,249,240,209,224,184,219,318,336,186,212,109,90,73,313,311,314,357,380,355,242,246,270,269,234,235,148,147,188,168,283,146,161,179,190,140,117,96,266,326,240,127,148,99,78,347,216,304,229,204,274,274,246,288,110,109,170,180,190,226,125,101,265,59,200,141,181,261,196,166,148,247,213,296,152,201,218,123,74,30,240,153,333,359,131,300,290,321,172,113,106,60,250,293,290,207,253,185,99,251,50,169,269,113,229,322,300,335,73,142,75,147,239,39
38,362,345,383,359,346,246,312,323,273,340,373,305,266,274,374,247,296,323,398,304,332,355,338,240,281,329,373,275,283,288,397,314,318,363,350,367,380,343,0,313,297,250,135,208,164,183,164,202,139,428,162,388,434,437,181,169,236,255,272,117,403,351,433,449,449,102,108,101,80,155,134,314,287,373,264,243,257,230,245,211,226,274,304,85,380,281,324,353,349,317,405,224,63,119,425,162,126,146,96,241,254,195,201,232,207,223,292,130,287,399,395,163,455,160,183,238,179,130,99,211,148,189,328,333,326,457,195,35,29,294,51,53,33,216,272,365,320,413,443,423,172,234,408,338,114,349,414,442,252,136,91,72,58,292,209,287,196,425,316
39,310,325,340,331,370,335,346,387,406,405,422,327,337,315,398,315,361,369,439,419,337,354,424,357,363,442,445,380,298,340,420,402,307,218,245,243,275,185,313,0,32,66,334,361,337,350,313,327,232,403,178,389,483,498,140,145,182,152,181,348,468,453,514,537,517,235,264,292,270,291,274,37,46,358,52,385,268,264,294,282,234,249,250,230,473,67,59,61,98,107,498,316,252,204,385,168,194,168,222,134,115,242,261,81,111,146,89,307,151,375,323,202,440,241,215,92,142,215,322,125,181,296,287,246,155,422,156,321,338,277,292,270,281,103,90,285,226,421,465,457,270,106,365,271,199,142,351,444,224,178,343,309,336,121,213,212,186,415,200
40,331,343,361,351,386,344,361,400,413,419,437,341,347,327,415,324,373,383,455,428,354,372,436,363,373,452,459,389,312,353,437,413,324,244,268,268,300,210,297,32,0,47,331,364,336,351,314,331,230,424,175,407,500,514,134,132,194,167,198,342,483,465,528,551,532,227,259,287,261,291,272,66,64,378,55,390,280,273,304,288,244,264,269,217,486,35,89,92,129,133,511,323,235,195,407,145,175,151,203,145,128,248,267,70,90,154,111,304,171,396,346,202,461,242,219,96,120,210,316,127,175,300,306,268,181,444,159,309,324,293,281,257,264,99,107,308,247,440,483,475,273,78,387,292,185,171,374,464,237,166,335,300,325,143,220,230,191,435,222
41,315,323,345,332,362,309,334,370,377,390,411,315,315,297,391,291,343,355,431,394,331,350,406,327,341,418,431,355,285,323,414,382,301,240,258,262,291,207,250,66,47,0,288,325,295,310,273,293,188,407,133,386,475,488,91,86,166,145,179,298,456,433,500,522,506,182,215,242,216,251,230,84,66,358,40,352,252,241,272,253,213,240,249,170,455,45,104,121,143,135,481,288,189,150,392,103,129,105,158,120,108,212,232,28,45,124,107,261,157,378,334,162,444,203,182,68,76,166,271,92,131,262,287,254,177,430,122,262,277,270,235,211,218,60,94,295,233,419,462,451,234,48,371,276,138,176,362,445,211,119,289,254,279,134,187,211,156,417,210
42,259,235,273,249,222,120,190,193,138,208,242,188,141,157,247,129,168,196,267,168,215,237,204,108,152,194,239,142,174,165,270,180,210,295,270,290,293,288,135,334,331,288,0,73,30,48,42,75,102,308,157,266,301,303,197,205,185,217,216,29,269,216,298,314,315,110,74,50,84,53,60,321,294,257,282,107,159,134,135,107,148,185,217,141,245,330,320,354,331,294,270,102,160,142,310,239,203,204,182,217,236,118,109,261,256,199,278,27,245,282,293,133,331,98,129,244,240,121,36,210,157,76,228,250,281,338,180,102,126,194,91,112,145,233,262,272,245,287,313,292,81,294,295,247,168,312,306,316,176,176,52,64,84,263,147,216,158,302,251
43,212,183,221,197,159,63,131,124,66,137,172,134,82,108,181,81,103,131,196,95,159,178,131,40,85,121,167,70,131,106,201,108,163,274,241,263,257,274,208,361,364,325,73,0,45,25,56,35,140,246,192,202,228,230,235,249,189,223,211,97,196,143,225,241,241,165,128,115,149,77,102,341,317,199,311,35,130,114,98,87,139,160,188,203,172,369,336,369,338,300,197,59,228,193,251,295,262,257,245,232,252,121,103,297,300,217,291,84,245,222,246,163,265,123,146,270,290,166,109,238,199,65,187,221,276,276,206,175,199,158,162,181,216,266,279,233,222,220,242,221,92,340,240,211,224,309,254,248,163,227,123,136,157,269,152,199,175,238,236
44,233,208,246,222,193,91,161,163,110,178,212,160,112,130,217,101,138,166,237,140,187,208,175,77,121,165,210,112,149,136,240,150,184,278,250,271,271,273,164,337,336,295,30,45,0,20,25,46,107,279,162,236,271,273,203,215,176,209,204,58,239,187,269,286,285,125,88,71,105,45,65,320,295,229,285,79,137,114,110,86,133,165,196,161,216,338,318,351,324,287,242,75,184,155,281,255,221,219,202,213,233,106,94,267,266,196,274,40,235,253,267,134,301,95,124,245,253,130,65,212,165,55,204,230,270,309,180,131,156,171,118,136,171,238,259,248,226,257,283,262,70,306,268,224,184,302,280,286,160,189,82,92,114,255,138,199,154,273,236
45,226,199,237,213,180,79,150,147,90,161,196,150,100,122,203,93,124,153,220,120,177,197,156,61,106,146,192,94,143,125,224,133,176,279,249,270,267,276,183,350,351,310,48,25,20,0,37,39,123,266,177,223,253,255,219,232,184,217,209,73,221,168,250,266,267,144,107,91,125,60,83,332,307,218,299,60,136,115,106,87,137,165,195,180,197,354,328,361,333,295,222,68,204,173,270,274,240,237,222,224,244,114,99,282,283,207,284,60,242,241,260,149,287,109,135,258,271,147,84,225,182,59,199,229,275,296,194,150,174,167,137,156,191,252,270,244,227,243,266,245,80,323,257,220,203,308,271,271,163,207,98,111,132,264,146,202,165,259,238
46,216,193,232,207,184,83,152,159,119,176,210,147,103,116,211,88,133,160,234,146,175,197,177,78,118,172,211,113,132,127,234,151,168,255,228,249,251,249,164,313,314,273,42,56,25,37,0,38,86,269,140,227,271,275,182,195,151,184,179,71,241,193,274,292,289,109,73,64,95,22,47,296,271,217,262,89,117,92,93,64,109,143,175,148,221,317,293,326,300,262,247,62,175,137,270,239,206,201,190,189,208,82,70,245,246,172,250,34,211,242,251,111,294,72,100,222,235,111,69,188,144,34,186,209,245,299,157,133,160,152,114,129,166,215,235,230,204,251,279,259,45,286,255,204,169,277,265,280,136,171,91,92,120,231,113,176,129,264,212
47,188,162,201,176,148,46,116,121,87,138,171,114,66,85,173,56,95,122,196,110,141,163,139,41,79,137,173,76,104,91,196,113,139,241,210,232,229,240,202,327,331,293,75,35,46,39,38,0,112,234,162,191,233,237,204,220,153,188,176,103,203,157,237,255,251,143,108,103,133,53,80,306,283,183,278,59,98,79,67,51,104,127,157,182,185,338,301,334,302,264,211,30,212,167,236,270,239,231,225,197,217,86,68,265,270,182,256,72,210,207,222,131,257,92,112,236,263,139,106,204,170,31,161,190,241,264,173,171,198,129,153,167,204,234,244,206,189,213,241,221,60,311,222,182,201,274,234,242,128,200,126,130,157,233,117,165,141,228,202
48,226,214,250,228,227,142,194,217,199,236,266,181,156,152,258,133,188,209,289,221,206,230,244,151,179,248,276,184,155,174,282,218,187,225,211,228,241,209,139,232,230,188,102,140,107,123,86,112,0,301,55,266,331,339,96,109,100,125,135,118,304,266,343,363,354,42,39,65,61,64,43,219,192,246,180,171,124,98,122,90,89,136,166,81,293,231,220,253,234,198,319,117,118,56,295,158,130,119,121,120,138,60,72,160,160,101,180,75,157,271,258,32,332,26,44,141,151,27,95,108,59,84,192,194,195,330,78,124,151,160,92,87,124,131,162,227,181,295,330,314,55,200,277,200,91,223,280,324,113,88,119,92,127,168,70,148,63,302,178
49,93,89,63,77,87,188,118,127,209,123,97,123,167,154,71,181,143,115,88,184,96,73,146,206,162,181,128,182,147,143,62,154,115,195,160,168,136,224,428,403,424,407,308,246,279,266,269,234,301,0,320,44,113,133,348,375,247,263,229,336,124,168,163,182,150,343,321,328,349,273,294,368,360,55,373,225,178,203,183,217,218,175,159,382,160,448,349,372,323,298,167,207,419,352,23,439,422,401,420,288,300,241,230,383,410,289,314,302,254,31,85,295,37,276,266,340,419,323,338,324,337,240,121,157,250,30,305,401,428,146,376,383,422,356,318,119,177,44,77,85,257,446,40,133,386,274,61,48,206,373,360,359,389,282,244,196,275,20,203
50,236,231,263,243,256,184,223,254,247,273,299,208,194,183,286,170,225,242,322,267,229,252,285,198,219,293,314,229,178,207,311,260,205,208,203,217,237,184,162,178,175,133,157,192,162,177,140,162,55,320,0,289,365,375,42,61,83,94,117,171,341,309,383,404,392,64,87,115,98,117,97,167,140,265,126,221,144,124,154,128,102,145,169,82,334,177,171,203,190,156,361,161,120,44,310,120,103,81,107,79,93,88,106,106,109,61,134,130,126,289,264,31,353,70,58,88,106,39,145,56,18,131,202,190,165,347,33,158,181,174,126,110,138,76,114,229,173,320,359,345,102,150,290,203,70,187,288,348,116,54,167,136,167,130,75,140,46,324,162
51,84,64,60,58,44,146,76,84,166,81,61,85,125,115,30,141,99,71,62,142,60,37,106,163,118,141,94,138,112,101,35,111,86,193,155,167,139,219,388,389,407,386,266,202,236,223,227,191,266,44,289,0,100,118,320,346,222,242,209,294,99,131,144,166,137,307,283,288,311,233,255,355,344,31,355,181,145,168,145,178,187,148,139,347,129,429,338,364,316,288,141,165,383,318,55,409,390,371,386,266,280,207,194,361,385,264,300,261,238,30,93,262,67,240,233,319,391,289,296,300,305,199,102,146,241,73,277,360,387,118,337,345,384,332,301,116,165,33,76,72,218,423,55,120,353,269,79,59,178,342,317,318,347,267,214,177,245,37,191
52,184,160,159,157,113,191,142,114,169,95,65,160,175,182,85,198,143,123,44,137,146,130,97,194,154,118,62,159,190,158,65,121,176,293,254,267,239,318,434,483,500,475,301,228,271,253,271,233,331,113,365,100,0,20,401,425,309,333,302,325,34,96,51,70,38,369,338,335,364,283,309,451,438,131,446,196,224,240,211,241,265,236,233,410,72,518,435,462,415,385,65,216,442,387,136,484,460,445,451,356,371,277,261,448,468,351,395,305,333,124,190,335,94,305,307,408,470,356,336,385,379,252,198,245,340,124,359,402,427,206,385,399,437,418,394,216,262,72,40,29,277,507,147,219,421,368,171,69,264,415,351,362,385,363,292,271,325,93,289
53,202,177,178,175,128,197,154,122,168,102,77,173,183,192,101,206,151,133,60,136,161,146,99,197,160,114,64,162,203,168,83,124,191,312,272,286,257,336,437,498,514,488,303,230,273,255,275,237,339,133,375,118,20,0,412,435,322,347,316,326,35,91,32,49,19,376,344,340,370,289,315,466,452,149,459,197,236,251,221,249,277,250,249,416,64,532,451,478,432,401,50,222,448,395,156,494,468,454,458,369,386,287,270,461,479,364,410,308,349,144,210,345,113,313,317,421,481,365,338,397,389,258,215,262,357,143,371,404,429,221,389,404,441,430,408,234,279,92,60,49,285,519,166,237,430,385,191,89,278,424,353,365,386,378,304,286,337,113,305
54,259,259,288,271,289,224,258,291,289,311,335,241,233,219,320,208,262,278,357,308,261,283,324,239,258,333,352,269,211,244,344,299,234,214,217,228,252,186,181,140,134,91,197,235,203,219,182,204,96,348,42,320,401,412,0,28,102,98,129,209,378,349,421,442,429,95,125,153,130,160,139,135,107,294,89,263,177,161,191,168,135,173,191,96,374,135,143,173,169,141,400,201,127,65,336,93,89,60,105,75,80,127,146,64,68,64,113,170,126,317,285,73,383,112,96,58,72,76,182,35,41,173,227,207,161,373,43,184,204,203,154,133,152,38,93,248,188,352,392,379,144,109,315,224,71,177,311,380,142,47,202,169,197,120,108,158,75,354,172
55,287,286,315,298,314,245,283,314,307,334,359,266,255,243,345,230,285,302,381,327,287,309,346,258,280,353,374,289,237,267,369,320,261,241,245,256,280,212,169,145,132,86,205,249,215,232,195,220,109,375,61,346,425,435,28,0,129,126,157,213,402,370,443,464,452,97,131,157,130,173,150,147,119,321,96,280,202,184,214,189,160,200,219,86,395,126,158,185,188,163,421,221,110,64,363,65,63,34,84,103,105,149,167,64,51,92,134,179,153,344,313,91,409,129,118,75,45,85,185,61,51,190,254,235,187,401,70,177,194,229,149,125,137,50,114,276,216,378,418,404,161,91,343,252,55,201,339,406,169,33,203,168,193,144,133,186,101,380,200
56,158,159,186,170,195,154,168,206,226,225,245,149,155,133,225,133,180,189,264,237,165,185,243,177,181,260,266,198,119,159,248,220,136,127,120,135,154,109,236,182,194,166,185,189,176,184,151,153,100,247,83,222,309,322,102,129,0,34,36,209,290,271,335,357,340,134,138,162,160,133,129,156,136,195,139,207,86,82,112,104,53,74,90,163,292,210,148,181,149,111,317,137,201,125,234,194,184,159,190,49,67,70,86,140,163,43,103,160,60,216,184,73,282,89,58,99,173,106,190,78,101,125,126,107,97,272,59,224,250,104,191,183,216,110,94,147,90,254,296,285,106,201,214,122,153,127,209,281,44,135,215,191,226,80,38,57,40,254,81
57,171,178,200,187,220,187,194,235,259,253,271,175,187,163,249,165,210,217,289,269,188,206,273,211,212,291,294,231,146,189,271,251,157,116,120,130,155,90,255,152,167,145,217,223,209,217,184,188,125,263,94,242,333,347,98,126,34,0,34,239,317,302,362,385,366,154,164,190,183,165,159,124,106,213,113,241,116,115,144,138,86,98,104,176,321,186,115,147,115,78,346,171,214,139,248,190,186,159,198,26,38,104,120,121,150,35,70,191,32,233,192,95,299,119,88,77,166,126,218,67,111,159,142,112,71,286,63,247,272,127,214,202,232,95,62,154,92,275,318,308,139,184,227,132,161,98,219,300,72,140,244,217,251,46,72,66,62,272,74
58,137,145,166,153,189,167,166,207,240,225,240,146,164,138,217,145,184,188,258,246,156,174,246,194,189,267,265,209,118,163,239,226,126,91,88,100,123,73,272,181,198,179,216,211,204,209,179,176,135,229,117,209,302,316,129,157,36,34,0,241,287,276,333,356,335,170,173,196,196,163,162,151,136,180,146,225,92,98,123,124,72,69,71,198,294,220,138,168,129,93,318,155,236,160,214,222,215,188,224,60,71,98,110,155,184,65,95,192,36,199,158,109,265,123,93,111,198,142,223,99,135,150,108,78,66,251,90,260,286,96,227,219,252,129,92,120,59,242,285,276,135,219,193,98,186,98,185,267,49,167,249,226,261,64,69,32,76,238,45
59,288,264,302,278,250,148,219,219,159,234,268,217,169,186,275,158,196,224,293,190,244,266,228,134,178,214,263,167,204,194,297,205,239,322,298,318,322,313,117,348,342,298,29,97,58,73,71,103,118,336,171,294,325,326,209,213,209,239,241,0,293,237,319,334,337,116,84,56,85,80,80,337,310,286,296,129,188,162,164,135,174,213,245,141,266,338,339,371,351,315,291,131,153,149,339,240,202,207,178,237,256,143,137,272,263,219,298,48,268,310,322,150,359,120,151,259,244,133,28,226,168,105,257,278,305,367,197,83,104,223,81,106,133,246,281,301,272,315,339,318,107,299,324,275,170,335,336,343,202,182,27,53,61,284,171,242,178,330,278
60,179,152,159,152,99,163,123,88,136,68,47,142,148,159,76,172,117,101,38,104,132,121,65,163,126,84,30,128,171,134,65,89,163,288,248,264,237,311,403,468,483,456,269,196,239,221,241,203,304,124,341,99,34,35,378,402,290,317,287,293,0,63,47,70,51,341,310,305,335,254,280,437,422,127,428,164,204,218,187,215,244,219,221,382,41,500,423,450,405,373,43,188,413,361,145,460,434,420,424,338,355,253,236,428,446,332,381,274,320,128,192,311,114,279,284,389,447,330,304,365,355,224,188,237,330,141,338,371,395,191,355,369,407,398,378,212,253,81,65,44,250,486,152,212,395,360,177,89,246,390,319,331,353,349,271,257,303,105,279
61,195,163,183,168,108,125,114,71,78,57,71,133,117,139,101,141,92,93,84,48,137,136,31,116,92,23,41,82,159,114,106,51,164,297,257,276,254,314,351,453,465,433,216,143,187,168,193,157,266,168,309,131,96,91,349,370,271,302,276,237,63,0,82,99,100,299,265,257,288,209,236,426,407,150,410,108,186,192,161,181,221,208,219,339,29,478,414,444,402,367,54,149,368,322,185,424,395,385,382,320,339,222,203,405,417,311,370,225,311,161,217,278,168,242,253,369,414,293,252,341,321,183,193,242,329,191,311,318,341,184,305,322,358,373,364,227,254,126,125,102,211,458,185,219,356,361,209,144,230,354,264,279,298,340,246,250,277,151,278
62,225,199,204,198,146,201,168,130,160,110,93,187,189,203,122,213,158,146,82,129,179,168,99,196,164,105,70,161,217,177,109,125,210,335,295,310,282,357,433,514,528,500,298,225,269,250,274,237,343,163,383,144,51,32,421,443,335,362,333,319,47,82,0,23,24,378,345,338,369,289,316,483,468,173,474,190,249,260,230,255,288,265,268,419,53,544,469,497,452,420,29,226,448,400,185,500,473,460,461,383,400,295,277,473,489,376,427,306,366,171,236,352,144,318,325,434,488,370,334,409,395,261,235,283,377,175,381,400,423,237,386,403,440,442,424,258,300,120,91,78,288,529,194,258,434,407,219,120,291,430,346,361,380,396,314,303,347,143,325
63,248,221,226,221,168,221,190,152,176,132,116,210,210,225,145,234,180,168,105,146,202,190,119,215,185,121,92,180,239,199,130,145,232,357,318,332,305,380,449,537,551,522,314,241,286,266,292,255,363,182,404,166,70,49,442,464,357,385,356,334,70,99,23,0,34,397,364,356,387,308,335,506,491,195,496,207,271,282,251,276,310,287,290,438,71,567,492,520,475,443,45,246,467,419,205,521,493,481,480,406,423,316,297,495,510,399,450,324,389,192,258,373,162,339,347,456,509,390,350,431,416,280,258,306,400,192,403,416,438,260,404,421,457,464,447,281,322,141,108,98,308,551,215,281,454,429,240,138,314,450,361,378,396,419,336,326,368,163,348
