Node_ID,0,1,2,3,4,5,6,7,8,9
0,0,99,114,66,43,50,100,136,91,75
1,99,0,52,35,65,122,101,95,190,59
2,114,52,0,70,71,114,64,44,200,43
3,66,35,70,0,40,96,97,108,156,53
4,43,65,71,40,0,57,67,95,131,32
5,50,122,114,96,57,0,72,119,93,72
6,100,101,64,97,67,72,0,49,165,45
7,136,95,44,108,95,119,49,0,211,63
8,91,190,200,156,131,93,165,211,0,158
9,75,59,43,53,32,72,45,63,158,0
